positive/Screenshot(100).jpg 2 660 111 316 708 1170 205 236 621
positive/Screenshot(101).jpg 1 775 94 307 586
positive/Screenshot(102).jpg 2 889 384 169 421 1704 320 84 75
positive/Screenshot(103).jpg 3 557 265 220 292 946 119 259 504 1476 402 212 162
positive/Screenshot(104).jpg 6 10 225 225 231 277 285 115 156 902 444 65 84 978 450 72 93 802 472 32 34 866 470 35 36
positive/Screenshot(105).jpg 2 907 172 214 526 6 409 111 102
positive/Screenshot(106).jpg 3 723 353 330 478 302 378 204 164 1166 412 91 157
positive/Screenshot(107).jpg 7 35 220 202 222 367 329 50 65 723 378 40 77 869 158 281 667 1708 394 105 99 1157 460 37 55 1200 467 33 93
positive/Screenshot(108).jpg 4 404 385 222 218 756 44 326 779 1332 416 71 159 1398 467 52 98
positive/Screenshot(109).jpg 3 0 244 324 589 760 414 55 71 886 393 202 342
positive/Screenshot(110).jpg 6 2 425 80 140 174 402 126 139 345 352 161 229 679 343 60 106 899 124 337 572 1363 324 168 140
positive/Screenshot(111).jpg 2 2 282 419 610 828 148 218 574
positive/Screenshot(112).jpg 3 236 351 315 397 866 35 486 802 1378 530 76 53
positive/Screenshot(113).jpg 5 642 502 104 105 919 437 79 161 1097 306 137 324 1397 309 194 286 1606 471 95 51
positive/Screenshot(114).jpg 4 520 326 170 245 327 467 114 110 872 443 126 141 1235 270 118 274
positive/Screenshot(115).jpg 7 539 341 160 261 354 418 57 57 457 451 50 54 763 461 40 37 942 374 61 124 1013 373 68 111 1387 287 377 395
positive/Screenshot(116).jpg 4 3 94 290 561 527 436 62 102 884 73 510 808 1438 357 209 174
positive/Screenshot(117).jpg 2 849 103 254 735 476 444 137 170
positive/Screenshot(118).jpg 3 312 342 122 188 831 89 294 802 1272 324 384 310
positive/Screenshot(119).jpg 1 788 257 235 547
positive/Screenshot(120).jpg 1 816 33 275 807
positive/Screenshot(121).jpg 1 840 150 293 723
positive/Screenshot(122).jpg 1 691 48 516 837
positive/Screenshot(123).jpg 3 695 41 493 796 45 86 272 412 529 382 63 77
positive/Screenshot(124).jpg 3 781 392 152 204 1107 388 81 144 1448 479 82 123
positive/Screenshot(125).jpg 3 141 341 86 88 308 305 133 269 1262 40 223 426
positive/Screenshot(126).jpg 7 259 132 374 629 1075 349 131 289 1027 414 63 149 947 438 34 92 921 452 26 71 1392 548 90 69 153 459 96 49
positive/Screenshot(127).jpg 4 391 359 38 124 429 330 105 202 565 186 189 368 1101 331 151 245
positive/Screenshot(128).jpg 2 396 393 295 415 939 443 190 267
positive/Screenshot(129).jpg 1 854 410 185 297
positive/Screenshot(130).jpg 3 190 425 215 166 872 499 56 70 1030 37 311 846
positive/Screenshot(131).jpg 5 135 377 147 291 249 265 526 673 961 465 47 60 1173 403 114 248 1517 493 97 70
positive/Screenshot(132).jpg 4 844 373 55 88 923 356 71 114 1009 390 39 59 1104 50 316 880
positive/Screenshot(133).jpg 5 5 360 334 517 428 445 128 135 880 414 212 302 1230 409 174 305 1382 435 84 183
positive/Screenshot(134).jpg 3 642 214 317 713 1525 423 108 111 1259 477 39 36
positive/Screenshot(135).jpg 4 679 273 167 432 852 395 43 56 1100 437 53 62 1259 436 145 192
positive/Screenshot(136).jpg 3 171 76 573 755 960 383 48 79 1036 352 66 137
positive/Screenshot(137).jpg 3 413 429 50 50 751 250 96 271 1268 52 332 639
positive/Screenshot(138).jpg 4 897 430 215 337 815 421 105 271 649 388 39 80 1152 461 67 107
positive/Screenshot(139).jpg 3 278 34 572 905 1161 416 122 230 1509 330 49 83
positive/Screenshot(140).jpg 1 888 118 197 543
positive/Screenshot(141).jpg 5 682 381 99 90 840 46 353 854 1348 269 91 185 1510 287 100 176 1761 327 150 206
positive/Screenshot(142).jpg 5 9 82 237 483 363 189 94 205 521 128 212 390 876 283 153 315 1115 336 88 219
positive/Screenshot(143).jpg 3 3 89 359 559 532 257 276 421 874 41 655 947
positive/Screenshot(144).jpg 2 776 375 274 500 1583 423 318 373
positive/Screenshot(145).jpg 2 794 271 282 618 719 501 63 49
positive/Screenshot(146).jpg 3 114 379 368 379 854 89 272 741 1332 329 149 90
positive/Screenshot(147).jpg 4 3 317 177 555 843 251 202 412 706 475 62 76 1106 449 71 102
positive/Screenshot(148).jpg 6 917 132 382 791 736 541 106 197 437 549 67 56 36 494 70 59 1 496 34 36 178 507 52 43
positive/Screenshot(149).jpg 4 240 234 236 311 981 36 218 458 1261 44 147 388 1633 149 161 293
positive/Screenshot(150).jpg 5 316 376 114 201 797 195 259 691 1395 361 123 138 1339 413 64 100 1765 369 111 95
positive/Screenshot(151).jpg 6 269 414 269 268 1053 305 145 256 1014 387 42 102 1246 349 49 107 1288 335 118 125 1507 277 99 164
positive/Screenshot(152).jpg 3 677 417 166 289 875 234 148 423 1080 340 67 195
positive/Screenshot(153).jpg 4 928 38 439 661 804 326 70 115 106 339 84 108 164 306 137 52
positive/Screenshot(154).jpg 5 811 410 161 236 1012 409 164 287 678 526 53 49 428 419 56 82 60 497 127 77
positive/Screenshot(155).jpg 5 300 347 177 277 876 280 140 376 714 459 81 110 831 492 36 57 1346 669 43 82
positive/Screenshot(156).jpg 4 547 336 226 357 896 369 90 239 756 452 71 120 976 273 341 611
positive/Screenshot(157).jpg 10 636 356 163 231 384 449 85 97 221 448 38 51 483 464 36 41 524 462 35 40 858 264 147 340 1080 366 44 101 1299 138 63 317 1242 339 38 61 1361 324 37 88
positive/Screenshot(158).jpg 4 801 464 124 175 603 464 45 83 1476 306 114 248 1395 350 49 89
positive/Screenshot(159).jpg 6 373 349 118 133 710 383 37 40 787 398 32 29 994 399 124 204 1193 414 97 161 1440 403 203 327
positive/Screenshot(160).jpg 2 760 39 412 871 262 483 38 46
positive/Screenshot(161).jpg 3 794 409 188 300 698 553 94 112 187 355 90 135
positive/Screenshot(62).jpg 2 885 364 129 326 0 589 84 75
positive/Screenshot(63).jpg 2 104 396 169 238 942 588 103 75
positive/Screenshot(64).jpg 1 843 288 227 448
positive/Screenshot(65).jpg 1 806 472 104 77
positive/Screenshot(66).jpg 2 842 400 165 263 1551 491 93 48
positive/Screenshot(67).jpg 2 901 321 149 413 1430 501 51 57
positive/Screenshot(68).jpg 1 864 442 171 242
positive/Screenshot(69).jpg 1 667 293 619 664
positive/Screenshot(70).jpg 3 812 36 295 850 277 443 66 58 188 407 92 129
positive/Screenshot(71).jpg 2 906 220 214 527 1197 460 38 51
positive/Screenshot(72).jpg 3 814 277 196 504 1823 568 88 91 1554 541 62 47
positive/Screenshot(73).jpg 1 883 369 107 175
positive/Screenshot(74).jpg 3 827 413 107 217 690 425 41 87 302 485 71 35
positive/Screenshot(75).jpg 2 1020 400 67 208 391 538 109 60
positive/Screenshot(76).jpg 3 908 437 176 267 680 449 29 72 532 511 59 39
positive/Screenshot(77).jpg 4 896 354 297 548 1457 411 61 106 750 415 49 98 261 485 91 58
positive/Screenshot(78).jpg 1 728 433 173 325
positive/Screenshot(79).jpg 4 423 406 111 199 603 534 45 25 714 476 66 127 954 297 63 188
positive/Screenshot(80).jpg 1 812 327 167 260
positive/Screenshot(81).jpg 3 1216 329 115 239 829 493 71 46 1755 233 140 80
positive/Screenshot(82).jpg 4 717 129 110 298 869 299 56 49 1044 172 76 235 1337 328 156 213
positive/Screenshot(83).jpg 4 809 93 171 395 1185 320 34 53 1337 274 49 157 1318 275 75 145
positive/Screenshot(84).jpg 3 479 373 97 132 839 299 102 199 1021 169 117 259
positive/Screenshot(85).jpg 6 811 54 188 413 74 331 198 114 504 313 34 47 645 326 26 56 729 350 32 53 763 344 38 63
positive/Screenshot(86).jpg 2 396 137 371 475 1060 320 129 341
positive/Screenshot(87).jpg 2 908 324 192 304 1590 296 87 225
positive/Screenshot(88).jpg 2 761 187 296 623 1291 346 46 35
positive/Screenshot(89).jpg 1 769 31 183 653
positive/Screenshot(90).jpg 4 658 179 213 395 1028 40 260 724 890 307 67 101 1460 218 153 342
positive/Screenshot(91).jpg 2 841 87 220 365 1189 28 588 961
positive/Screenshot(92).jpg 8 743 345 158 280 920 332 254 367 16 291 114 145 249 373 83 67 336 387 101 54 1175 354 86 140 1427 382 44 79 1639 375 135 150
positive/Screenshot(93).jpg 3 631 187 232 518 314 355 104 188 1032 33 391 885
positive/Screenshot(94).jpg 2 838 133 318 686 264 419 111 88
positive/Screenshot(95).jpg 5 761 43 277 734 660 375 47 88 1252 372 37 85 1327 387 78 106 1449 392 127 153
positive/Screenshot(96).jpg 6 789 40 333 848 196 313 209 254 413 436 67 78 99 416 95 102 1448 423 103 121 1386 479 50 60
positive/Screenshot(97).jpg 2 872 365 268 505 731 413 83 138
positive/Screenshot(98).jpg 3 791 305 119 322 453 488 62 51 390 450 49 64
positive/Screenshot(99).jpg 4 279 90 510 776 931 352 95 185 1311 383 194 144 1032 421 69 48